42
##start
start 50 20
1 50 120
2 50 220
3 50 320
4 50 420
5 50 520
6 50 620
7 50 720
8 50 820
9 50 920
10 50 1020
11 150 120
12 150 220
13 150 320
14 150 420
15 150 520
16 150 620
17 150 720
18 150 820
19 150 920
20 150 1020
22 250 220
23 250 320
24 250 420
25 250 520
26 250 620
27 250 720
28 250 820
29 250 920
30 250 1020
33 350 320
34 350 420
35 350 520
36 350 620
37 350 720
38 350 820
39 350 920
40 350 1020
44 450 420
45 450 520
46 450 620
47 450 720
48 450 820
49 450 920
50 450 1020
55 550 520
56 550 620
57 550 720
58 550 820
59 550 920
60 550 1020
66 650 620
67 650 720
68 650 820
69 650 920
70 650 1020
77 750 720
78 750 820
79 750 920
80 750 1020
88 850 820
89 850 920
90 850 1020
99 950 920
100 950 1020
##end
end 1050 1020
start-1
1-2
2-3
3-4
4-5
5-6
6-7
7-8
8-9
9-10
11-12
12-13
13-14
14-15
15-16
16-17
17-18
18-19
19-20
22-23
23-24
25-26
26-27
27-28
28-29
29-30
33-34
34-35
35-36
36-37
38-39
39-40
44-45
45-46
46-47
47-48
48-49
49-50
55-56
56-57
57-58
58-59
59-60
66-67
67-68
68-69
69-70
77-78
78-79
79-80
88-89
89-90
99-100
start-11
11-22
33-44
55-66
66-77
77-88
99-end
10-20
20-30
30-40
40-50
50-60
70-80
80-90
90-100
100-end
49-59
58-68
24-34
88-99
47-57
